data=[-19.0000000;
-20.0000000;
-21.0000000;
-20.0000000;
-20.0000000;
-19.0000000;
-20.0000000;
-21.0000000;
-21.0000000;
-20.0000000;
-20.0000000;
-21.0000000;
-20.0000000;
-21.0000000;
-21.0000000;
-21.0000000;
-20.0000000;
-21.0000000;
-21.0000000;
-20.0000000;
-20.0000000;
-20.0000000;
-20.0000000;
-20.0000000;
-20.0000000;
-19.0000000;
-20.0000000;
-20.0000000;
-20.0000000;
-20.0000000;
-22.0000000;
-687.0000000;
-245.0000000;
-1119.0000000;
328.0000000;
36.0000000;
-119.0000000;
75.0000000;
-229.0000000;
346.0000000;
-978.0000000;
-260.0000000;
292.0000000;
172.0000000;
-455.0000000;
-242.0000000;
-15.0000000;
137.0000000;
-101.0000000;
316.0000000;
143.0000000;
21.0000000;
23.0000000;
70.0000000;
216.0000000;
-175.0000000;
822.0000000;
608.0000000;
-1171.0000000;
-2048.0000000;
1813.0000000;
2047.0000000;
-2048.0000000;
2047.0000000;
78.0000000;
-762.0000000;
26.0000000;
623.0000000;
71.0000000;
-826.0000000;
116.0000000;
287.0000000;
-1439.0000000;
-180.0000000;
-734.0000000;
175.0000000;
211.0000000;
-455.0000000;
516.0000000;
570.0000000;
-707.0000000;
-1201.0000000;
1126.0000000;
947.0000000;
-362.0000000;
-578.0000000;
34.0000000;
-1010.0000000;
0.0000000;
2047.0000000;
-2048.0000000;
-2048.0000000;
2047.0000000;
2047.0000000;
1258.0000000;
-2048.0000000;
262.0000000;
2047.0000000;
-2048.0000000;
-2048.0000000;
1980.0000000;
-2048.0000000;
-2048.0000000;
-2048.0000000;
-2048.0000000;
-2048.0000000;
2047.0000000;
2047.0000000;
2047.0000000;
2047.0000000;
2047.0000000;
2047.0000000;
-2048.0000000;
-2048.0000000;
-2048.0000000;
-2048.0000000;
-2048.0000000;
-2048.0000000;
-2048.0000000;
-2048.0000000;
-2048.0000000;
2047.0000000;
2047.0000000;
-2048.0000000;
-2048.0000000;
-2048.0000000;
-2048.0000000;
2047.0000000;
2047.0000000;
2047.0000000;
-2048.0000000;
-2048.0000000;
2047.0000000;
2047.0000000;
2047.0000000;
2047.0000000;
2047.0000000;
2047.0000000;
2047.0000000;
2047.0000000;
2047.0000000;
2047.0000000;
2047.0000000;
2047.0000000;
2047.0000000;
2047.0000000;
2047.0000000;
2047.0000000;
2047.0000000;
2047.0000000;
2047.0000000;
2047.0000000;
2047.0000000;
2047.0000000;
2047.0000000;
2047.0000000;
2047.0000000;
2047.0000000;
2047.0000000;
2047.0000000;
2047.0000000;
2047.0000000;
2047.0000000;
2047.0000000;
2047.0000000;
2047.0000000;
2047.0000000;
2047.0000000;
2047.0000000;
2047.0000000;
2047.0000000;
2047.0000000;
2047.0000000;
2047.0000000;
2026.0000000;
1734.0000000;
1592.0000000;
972.0000000;
814.0000000;
701.0000000;
687.0000000;
407.0000000;
-244.0000000;
81.0000000;
-18.0000000;
-351.0000000;
-94.0000000;
54.0000000;
-349.0000000;
-471.0000000;
-448.0000000;
-454.0000000;
-683.0000000;
-713.0000000;
-739.0000000;
-861.0000000;
-866.0000000;
-1003.0000000;
-1184.0000000;
-1246.0000000;
-1398.0000000;
-1252.0000000;
-1156.0000000;
-1366.0000000;
-1488.0000000;
-1374.0000000;
-1504.0000000;
-1327.0000000;
-1459.0000000;
-2048.0000000;
-1543.0000000;
-1395.0000000;
-1716.0000000;
-1799.0000000;
-1599.0000000;
-1864.0000000;
-1757.0000000;
-1302.0000000;
-1576.0000000;
-1530.0000000;
-1646.0000000;
-1677.0000000;
-1489.0000000;
-1588.0000000;
-1661.0000000;
-1604.0000000;
-1440.0000000;
-1543.0000000;
-1449.0000000;
-1474.0000000;
-1608.0000000;
-1417.0000000;
-1456.0000000;
-1563.0000000;
-1581.0000000;
-1602.0000000;
-1221.0000000;
-1391.0000000;
-1325.0000000;
-1338.0000000;
-1466.0000000;
-1444.0000000;
-1209.0000000;
-978.0000000;
-1978.0000000;
-1288.0000000;
-1187.0000000;
-1593.0000000;
-1244.0000000;
-1159.0000000;
-986.0000000;
-1079.0000000;
-993.0000000;
-939.0000000;
-1250.0000000;
-1018.0000000;
-780.0000000;
-993.0000000;
-892.0000000;
-961.0000000;
-926.0000000;
-909.0000000;
-1019.0000000;
-870.0000000;
-701.0000000;
-598.0000000;
-715.0000000;
-974.0000000;
-955.0000000;
-650.0000000;
-649.0000000;
-771.0000000;
-770.0000000;
-592.0000000;
-667.0000000;
-798.0000000;
-779.0000000;
-615.0000000;
-479.0000000;
-482.0000000;
-578.0000000;
-844.0000000;
-534.0000000;
-712.0000000;
-376.0000000;
-165.0000000;
-986.0000000;
-35.0000000;
-383.0000000;
-890.0000000;
-529.0000000;
-285.0000000;
-245.0000000;
-667.0000000;
-564.0000000;
-31.0000000;
-449.0000000;
-213.0000000;
-676.0000000;
-154.0000000;
-458.0000000;
-462.0000000;
-288.0000000;
-457.0000000;
-88.0000000;
-192.0000000;
-443.0000000;
130.0000000;
-484.0000000;
-556.0000000;
-65.0000000;
-403.0000000;
-285.0000000;
101.0000000;
-321.0000000;
-320.0000000;
-226.0000000;
-20.0000000;
-291.0000000;
-220.0000000;
-196.0000000;
-262.0000000;
4.0000000;
-198.0000000;
-227.0000000;
-246.0000000;
-105.0000000;
-146.0000000;
-121.0000000;
-109.0000000;
-177.0000000;
-236.0000000;
-255.0000000;
237.0000000;
8.0000000;
-515.0000000;
-133.0000000;
450.0000000;
-346.0000000;
-495.0000000;
239.0000000;
16.0000000;
-182.0000000;
13.0000000;
-147.0000000;
-155.0000000;
-160.0000000;
-14.0000000;
11.0000000;
-77.0000000;
-9.0000000;
-244.0000000;
-18.0000000;
-160.0000000;
-121.0000000;
236.0000000;
-139.0000000;
-188.0000000;
203.0000000;
-90.0000000;
-225.0000000;
5.0000000;
88.0000000;
144.0000000;
-338.0000000;
-69.0000000;
-76.0000000;
-113.0000000;
116.0000000;
-15.0000000;
-183.0000000;
218.0000000;
-120.0000000;
-430.0000000;
212.0000000;
51.0000000;
-45.0000000;
-92.0000000;
52.0000000;
169.0000000;
-18.0000000;
-295.0000000;
-128.0000000;
298.0000000;
97.0000000;
-188.0000000;
-114.0000000;
-200.0000000;
-46.0000000;
73.0000000;
121.0000000;
-193.0000000;
4.0000000;
31.0000000;
-54.0000000;
-12.0000000;
-122.0000000;
-3.0000000;
86.0000000;
163.0000000;
-78.0000000;
-179.0000000;
-16.0000000;
73.0000000;
179.0000000;
-116.0000000;
-259.0000000;
-216.0000000;
418.0000000;
67.0000000;
-494.0000000;
198.0000000;
-9.0000000;
-249.0000000;
91.0000000;
175.0000000;
-137.0000000;
59.0000000;
53.0000000;
5.0000000;
197.0000000;
-252.0000000;
-214.0000000;
176.0000000;
-63.0000000;
-288.0000000;
115.0000000;
138.0000000;
-145.0000000;
31.0000000;
-63.0000000;
-8.0000000;
78.0000000;
1.0000000;
-16.0000000;
140.0000000;
-95.0000000;
101.0000000;
-321.0000000;
-24.0000000;
233.0000000;
-35.0000000;
-631.0000000;
165.0000000;
431.0000000;
-135.0000000;
-484.0000000;
10.0000000;
403.0000000;
303.0000000;
-131.0000000;
-299.0000000;
-197.0000000;
149.0000000;
249.0000000;
57.0000000;
-147.0000000;
-124.0000000;
-406.0000000;
-217.0000000;
-3.0000000;
184.0000000;
314.0000000;
324.0000000;
169.0000000;
-98.0000000;
-208.0000000;
-373.0000000;
-223.0000000;
-155.0000000;
-43.0000000;
152.0000000;
115.0000000;
143.0000000;
71.0000000;
-75.0000000;
-1.0000000;
22.0000000;
-162.0000000;
-140.0000000;
-21.0000000;
37.0000000;
12.0000000;
-12.0000000;
-45.0000000;
12.0000000;
-24.0000000;
23.0000000;
46.0000000;
-55.0000000;
-91.0000000;
-76.0000000;
-55.0000000;
-149.0000000;
50.0000000;
115.0000000;
-43.0000000;
-41.0000000;
-48.0000000;
-22.0000000;
-29.0000000;
-65.0000000;
15.0000000;
5.0000000;
13.0000000;
54.0000000;
-26.0000000;
-78.0000000;
-12.0000000;
45.0000000;
-53.0000000;
-33.0000000;
-36.0000000;
-16.0000000;
-69.0000000;
-105.0000000;
-8.0000000;
-16.0000000;
-28.0000000;
1.0000000;
-89.0000000;
6.0000000;
-36.0000000;
-2.0000000;
-2.0000000;
56.0000000;
41.0000000;
-101.0000000;
-11.0000000;
26.0000000;
-41.0000000;
-59.0000000;
-42.0000000;
-12.0000000;
-70.0000000;
-31.0000000;
11.0000000;
-37.0000000;
-72.0000000;
-54.0000000;
-3.0000000;
61.0000000;
62.0000000;
-124.0000000;
-19.0000000;
14.0000000;
39.0000000;
-23.0000000;
-22.0000000;
-19.0000000;
-39.0000000;
-53.0000000;
-22.0000000;
-81.0000000;
-1.0000000;
9.0000000;
-46.0000000;
-59.0000000;
-46.0000000;
36.0000000;
33.0000000;
-44.0000000;
7.0000000;
10.0000000;
-38.0000000;
-14.0000000;
-80.0000000;
-21.0000000;
52.0000000;
21.0000000;
21.0000000;
-90.0000000;
-29.0000000;
-101.0000000;
-35.0000000;
6.0000000;
-54.0000000;
-13.0000000;
-12.0000000;
-79.0000000;
-34.0000000;
138.0000000;
-12.0000000;
-72.0000000;
11.0000000;
-5.0000000;
-30.0000000;
-36.0000000;
78.0000000;
-114.0000000;
-39.0000000;
