data=[4.0000000;
4.0000000;
3.0000000;
3.0000000;
4.0000000;
4.0000000;
3.0000000;
2.0000000;
2.0000000;
1.0000000;
2.0000000;
2.0000000;
2.0000000;
1.0000000;
2.0000000;
2.0000000;
2.0000000;
2.0000000;
2.0000000;
2.0000000;
2.0000000;
2.0000000;
3.0000000;
2.0000000;
1.0000000;
2.0000000;
3.0000000;
3.0000000;
2.0000000;
3.0000000;
3.0000000;
2.0000000;
2.0000000;
2.0000000;
2.0000000;
3.0000000;
2.0000000;
-391.0000000;
1638.0000000;
2047.0000000;
926.0000000;
-641.0000000;
-475.0000000;
-118.0000000;
-176.0000000;
-191.0000000;
-364.0000000;
463.0000000;
131.0000000;
-285.0000000;
-185.0000000;
-245.0000000;
-159.0000000;
72.0000000;
-88.0000000;
-266.0000000;
-205.0000000;
-123.0000000;
-110.0000000;
-120.0000000;
-76.0000000;
-111.0000000;
-181.0000000;
-101.0000000;
55.0000000;
-245.0000000;
-222.0000000;
-68.0000000;
803.0000000;
-818.0000000;
-389.0000000;
1273.0000000;
-1036.0000000;
1329.0000000;
-261.0000000;
-302.0000000;
78.0000000;
17.0000000;
27.0000000;
-52.0000000;
74.0000000;
-37.0000000;
184.0000000;
-433.0000000;
-918.0000000;
726.0000000;
179.0000000;
-270.0000000;
-211.0000000;
125.0000000;
-49.0000000;
128.0000000;
-326.0000000;
-302.0000000;
556.0000000;
-234.0000000;
-262.0000000;
-9.0000000;
279.0000000;
73.0000000;
-455.0000000;
417.0000000;
-324.0000000;
22.0000000;
955.0000000;
-931.0000000;
-237.0000000;
441.0000000;
-445.0000000;
42.0000000;
375.0000000;
31.0000000;
-2048.0000000;
2047.0000000;
2047.0000000;
-2048.0000000;
-692.0000000;
2047.0000000;
2047.0000000;
545.0000000;
-443.0000000;
2047.0000000;
809.0000000;
1102.0000000;
2047.0000000;
2047.0000000;
2047.0000000;
2047.0000000;
2047.0000000;
1649.0000000;
-2048.0000000;
218.0000000;
2047.0000000;
2047.0000000;
2047.0000000;
2047.0000000;
2047.0000000;
2047.0000000;
1354.0000000;
-1098.0000000;
-2048.0000000;
1683.0000000;
2047.0000000;
2047.0000000;
-1038.0000000;
-2048.0000000;
-2048.0000000;
-2048.0000000;
-2048.0000000;
-2048.0000000;
810.0000000;
2047.0000000;
66.0000000;
2047.0000000;
2047.0000000;
-1430.0000000;
-2048.0000000;
-2048.0000000;
-2048.0000000;
-2048.0000000;
-2048.0000000;
-2048.0000000;
-2048.0000000;
-2048.0000000;
-2048.0000000;
-2048.0000000;
-2048.0000000;
-2048.0000000;
-2048.0000000;
-2017.0000000;
-2048.0000000;
-2048.0000000;
-2048.0000000;
-1091.0000000;
-952.0000000;
-2048.0000000;
-2048.0000000;
-2048.0000000;
-2048.0000000;
365.0000000;
-150.0000000;
-1966.0000000;
-2048.0000000;
-1994.0000000;
-1969.0000000;
-1744.0000000;
-280.0000000;
-428.0000000;
-1803.0000000;
-1924.0000000;
-1458.0000000;
-549.0000000;
-318.0000000;
-183.0000000;
-631.0000000;
-1362.0000000;
-534.0000000;
-42.0000000;
-294.0000000;
-294.0000000;
-507.0000000;
-587.0000000;
-841.0000000;
-815.0000000;
-152.0000000;
-241.0000000;
-676.0000000;
-734.0000000;
-266.0000000;
-368.0000000;
-324.0000000;
157.0000000;
-111.0000000;
-298.0000000;
-422.0000000;
-86.0000000;
-187.0000000;
153.0000000;
261.0000000;
152.0000000;
227.0000000;
610.0000000;
609.0000000;
110.0000000;
251.0000000;
323.0000000;
302.0000000;
390.0000000;
219.0000000;
439.0000000;
138.0000000;
-299.0000000;
526.0000000;
393.0000000;
-169.0000000;
398.0000000;
614.0000000;
338.0000000;
-273.0000000;
53.0000000;
440.0000000;
264.0000000;
139.0000000;
287.0000000;
372.0000000;
228.0000000;
263.0000000;
188.0000000;
124.0000000;
418.0000000;
652.0000000;
337.0000000;
158.0000000;
570.0000000;
364.0000000;
398.0000000;
-109.0000000;
349.0000000;
645.0000000;
224.0000000;
454.0000000;
681.0000000;
294.0000000;
2.0000000;
201.0000000;
508.0000000;
374.0000000;
254.0000000;
281.0000000;
251.0000000;
324.0000000;
452.0000000;
409.0000000;
308.0000000;
287.0000000;
361.0000000;
256.0000000;
-131.0000000;
588.0000000;
426.0000000;
120.0000000;
222.0000000;
487.0000000;
377.0000000;
97.0000000;
523.0000000;
40.0000000;
297.0000000;
308.0000000;
258.0000000;
301.0000000;
440.0000000;
21.0000000;
208.0000000;
393.0000000;
268.0000000;
93.0000000;
283.0000000;
147.0000000;
205.0000000;
398.0000000;
97.0000000;
223.0000000;
206.0000000;
174.0000000;
170.0000000;
156.0000000;
185.0000000;
187.0000000;
140.0000000;
55.0000000;
365.0000000;
7.0000000;
47.0000000;
307.0000000;
237.0000000;
81.0000000;
123.0000000;
147.0000000;
135.0000000;
53.0000000;
156.0000000;
194.0000000;
113.0000000;
77.0000000;
154.0000000;
78.0000000;
-104.0000000;
234.0000000;
190.0000000;
7.0000000;
59.0000000;
136.0000000;
79.0000000;
141.0000000;
30.0000000;
37.0000000;
178.0000000;
51.0000000;
22.0000000;
76.0000000;
73.0000000;
100.0000000;
39.0000000;
48.0000000;
8.0000000;
31.0000000;
42.0000000;
181.0000000;
31.0000000;
-87.0000000;
42.0000000;
-65.0000000;
82.0000000;
196.0000000;
45.0000000;
-104.0000000;
-57.0000000;
196.0000000;
206.0000000;
-158.0000000;
-42.0000000;
116.0000000;
178.0000000;
-23.0000000;
-34.0000000;
5.0000000;
69.0000000;
-100.0000000;
54.0000000;
23.0000000;
-123.0000000;
-17.0000000;
42.0000000;
3.0000000;
147.0000000;
-51.0000000;
-156.0000000;
20.0000000;
152.0000000;
79.0000000;
66.0000000;
-70.0000000;
23.0000000;
-15.0000000;
-118.0000000;
96.0000000;
127.0000000;
-91.0000000;
-115.0000000;
-65.0000000;
-46.0000000;
187.0000000;
-100.0000000;
-192.0000000;
86.0000000;
99.0000000;
-7.0000000;
83.0000000;
64.0000000;
-106.0000000;
-10.0000000;
-54.0000000;
120.0000000;
-118.0000000;
-119.0000000;
102.0000000;
-100.0000000;
-50.0000000;
-114.0000000;
105.0000000;
74.0000000;
-73.0000000;
262.0000000;
77.0000000;
-484.0000000;
119.0000000;
479.0000000;
-163.0000000;
-353.0000000;
82.0000000;
242.0000000;
-374.0000000;
-231.0000000;
189.0000000;
308.0000000;
35.0000000;
-268.0000000;
-303.0000000;
-27.0000000;
198.0000000;
317.0000000;
331.0000000;
88.0000000;
-225.0000000;
-432.0000000;
-405.0000000;
-213.0000000;
20.0000000;
219.0000000;
217.0000000;
302.0000000;
113.0000000;
4.0000000;
-150.0000000;
-93.0000000;
-186.0000000;
-210.0000000;
-49.0000000;
-17.0000000;
49.0000000;
175.0000000;
40.0000000;
-8.0000000;
-56.0000000;
26.0000000;
-37.0000000;
-101.0000000;
-95.0000000;
13.0000000;
65.0000000;
29.0000000;
-66.0000000;
0.0000000;
-15.0000000;
-30.0000000;
-7.0000000;
18.0000000;
-16.0000000;
-22.0000000;
-22.0000000;
-87.0000000;
-41.0000000;
42.0000000;
84.0000000;
-111.0000000;
-11.0000000;
158.0000000;
-45.0000000;
-46.0000000;
-19.0000000;
-85.0000000;
81.0000000;
-28.0000000;
-79.0000000;
20.0000000;
-70.0000000;
-76.0000000;
-14.0000000;
-17.0000000;
17.0000000;
-27.0000000;
-104.0000000;
-50.0000000;
68.0000000;
-60.0000000;
-72.0000000;
46.0000000;
10.0000000;
-51.0000000;
-41.0000000;
19.0000000;
-2.0000000;
0.0000000;
-115.0000000;
1.0000000;
46.0000000;
-52.0000000;
-65.0000000;
45.0000000;
-51.0000000;
-105.0000000;
-20.0000000;
54.0000000;
35.0000000;
-113.0000000;
-60.0000000;
97.0000000;
-56.0000000;
-80.0000000;
6.0000000;
-52.0000000;
-7.0000000;
15.0000000;
-39.0000000;
-43.0000000;
-15.0000000;
-3.0000000;
23.0000000;
-54.0000000;
-10.0000000;
51.0000000;
-12.0000000;
-122.0000000;
-38.0000000;
51.0000000;
-52.0000000;
-112.0000000;
-34.0000000;
81.0000000;
-8.0000000;
-112.0000000;
70.0000000;
22.0000000;
-45.0000000;
18.0000000;
-59.0000000;
-8.0000000;
-9.0000000;
11.0000000;
67.0000000;
-56.0000000;
-42.0000000;
-40.0000000;
-91.0000000;
-65.0000000;
47.0000000;
28.0000000;
-81.0000000;
-71.0000000;
61.0000000;
-12.0000000;
-51.0000000;
-5.0000000;
-65.0000000;
54.0000000;
49.0000000;
-58.0000000;
-28.0000000;
62.0000000;
-32.0000000;
-118.0000000;
-14.0000000;
48.0000000;
-38.0000000;
-35.0000000;
-5.0000000;
-63.0000000;
-39.0000000;
-38.0000000;
-91.0000000;
62.0000000;
42.0000000;
-56.0000000;
1.0000000;
25.0000000;
15.0000000;
54.0000000;
-1.0000000;
-88.0000000;
-19.0000000;
-34.0000000;
-110.0000000;
-87.0000000;
-12.0000000;
-25.0000000;
49.0000000;
-28.0000000;
-67.0000000;
24.0000000;
62.0000000;
7.0000000;
-25.0000000;
-30.0000000;
8.0000000;
35.0000000;
-10.0000000;
-117.0000000;
-63.0000000;
29.0000000;
-10.0000000;
-68.0000000;
-118.0000000;
11.0000000;
